Para d = 16
Melhores operadores: rouletteinv, gaussian, UX
[0.9470226117936198, 1.058592130533891, 1.03488779973697, 1.0312146720048105, 1.0122109771777397, 1.1085434741941578, 1.0287365534515256, 1.1816769927056723, 0.9988365084697919, 0.9515337516000623, 0.9936572717290912, 1.0392102522250952, 1.0234474974823713, 1.0077594144034083, 0.9760531009808802, 1.0299259359298454]
Solução: 0.9470226117936198
Iterações: 1608
=====================================================================================


Para d = 24
Melhores operadores: rouletteinv, gaussian, DC
[0.9287030366575505, 0.8593049730271111, 0.9214186011380948, 0.8364103332888351, 1.0984562594706913, 0.9978122546802801, 0.9945331034013357, 1.1227482757935396, 0.9093491565243222, 0.8402755060609927, 0.8590709752932516, 0.9689591025809194, 1.0341997894069102, 0.9621024514248674, 1.0251707226591116, 0.9515562272418985, 0.950399120743413, 0.49710147249836356, 0.8254501351822028, 0.9884308316651528, 0.9676200253508652, -0.31854501198467133, 0.912593564524383, 1.053918313820383]
Solução: 0.31854501198467133
Iterações: 1700
=====================================================================================


Para d = 32
Melhores operadores: rouletteinv, gaussian, UX
[0.9835709438186719, 1.0637702902005859, 1.020101528283617, 0.5722512140896852, 0.9482175976353979, 1.040849345581764, 0.9189669755433251, 1.078334273168723, 1.0520988935116031, 1.1034806379230853, 0.9796698743281911, 1.0293033181267295, 0.9388854704001492, 0.912989110789705, 0.9860097656555218, 0.9701949968806718, 0.8351080699880015, 0.9667072206964868, 1.0379188914653321, 1.065778948341782, 0.8332218185774933, 1.017464058626888, 0.765665096171209, 0.9332967903986603, 1.0272120598466938, 0.8980914676854953, 1.042786589887311, 1.0870017426754006, 0.9575868564241663, 1.087900749870561, 1.140147289412219, 0.9835233512761755]
Solução: 0.5722512140896852
Iterações: 2646
=====================================================================================


Para d = 64
Melhores operadores: rouletteinv, gaussian, DC
[0.9473214124285063, 1.217133966221652, -0.05033057928473747, 0.7515787796986041, 1.0414405940495, 0.8762827579843715, 1.1224518002593349, 0.6769452793094737, 1.3004471011435306, 0.7782237465172002, 0.9010769539722937, 
1.033530099025382, 0.9727367221667975, 1.1022413488411775, 0.9450194939531491, 1.354170516374317, 0.9484431987570543, 0.9519951089498833, 1.0486248524815955, 0.9999206187023626, 1.0294896093141825, 0.34764060861399576, 
0.966566922069694, 1.085071930484469, 1.2685341907151735, 0.9972374077163407, 0.802386300962451, 0.8359393858074577, 0.7329258788985855, 1.0100188593102324, 1.107477722916701, 1.0693472100246728, 0.6899396452572012, 1.1178277543567083, 0.574719404077903, 1.777594575097104, 0.702423896027585, 1.0068821675630941, 0.9867288063277693, 0.6983579726679224, 0.07970505952806528, 0.9708526834811094, 0.8367756247070957, 0.7522626098615235, 1.2842169253857858, 0.9610748932048943, 1.065177346156017, 0.9067899465663067, 0.1552087155331534, 1.0182544936452906, 1.0142974056538476, 0.8892043685213413, 0.5606988193555935, 1.2569508102712577, 0.9589791227075465, 0.9584403543383235, 1.0030659009095986, 0.9908990530667536, 0.8375932625373314, 0.9281806731623882, 1.0589769618118123, 1.0268947780762732, 0.6406886740912774, 0.9588651612994313]
Solução: 0.05033057928473747
Iterações: 822
=====================================================================================
